67 0 75 7 90 97 
81 9 61 44 0 19 
1 23 85 15 32 0 
7 93 81 57 0 17 
0 71 82 85 5 92 
44 0 92 38 2 54 
86 94 83 0 25 60 
45 24 76 6 68 0 
36 93 54 70 45 0 
53 28 94 0 56 35 
89 10 85 55 4 0 
96 0 20 10 22 63 
89 5 16 0 57 97 
97 36 0 88 15 92 
14 0 63 64 79 18 
78 68 0 52 87 57 
95 26 0 62 69 84 
41 33 65 0 39 45 
79 28 0 53 81 62 
96 17 28 27 63 0 
68 86 0 40 61 50 
93 69 91 17 0 67 
35 23 0 56 29 66 
38 64 44 0 65 82 
93 2 34 36 0 31 
92 90 56 98 88 0 
85 90 0 93 19 45 
75 25 12 0 35 92 
4 87 58 57 23 0 
19 0 72 28 64 25 
74 17 58 24 16 0 
83 99 0 31 68 88 
78 50 81 3 0 96 
6 0 35 61 36 7 
33 0 51 79 69 36 
46 0 51 81 4 26 
89 5 71 82 86 0 
48 0 33 29 87 94 
35 7 37 82 0 15 
13 0 57 98 36 93 
60 26 0 54 6 7 
62 98 11 64 0 59 
91 44 17 87 94 0 
61 31 48 0 2 19 
95 0 10 86 75 19 
0 87 12 40 35 66 
1 24 49 4 0 14 
16 91 89 8 78 0 
56 50 34 52 0 25 
96 0 94 45 71 8 
83 73 0 77 87 25 
50 16 0 57 64 17 
9 58 2 0 41 52 
11 58 31 20 1 0 
97 98 0 59 8 58 
44 0 77 24 98 88 
15 19 76 82 0 63 
97 58 38 35 0 24 
45 14 51 67 24 0 
0 5 20 63 74 19 
0 52 91 67 54 95 
0 7 99 92 60 86 
46 90 11 59 0 35 
2 0 62 28 40 73 
94 64 0 95 83 75 
25 0 48 2 88 40 
37 50 45 77 52 0 
72 0 58 59 82 7 
80 79 15 33 1 0 
55 19 43 95 51 0 
41 0 2 90 53 4 
78 15 72 0 4 32 
55 45 52 5 57 0 
91 0 47 59 65 77 
40 2 41 22 0 52 
35 78 10 44 0 65 
3 20 93 4 0 23 
0 53 61 28 15 27 
54 0 71 90 1 75 
32 14 18 62 0 51 
39 12 0 9 36 16 
93 99 0 24 44 78 
0 19 31 82 96 57 
0 69 87 31 84 99 
15 32 80 0 42 76 
64 0 26 61 37 2 
95 0 89 88 81 46 
41 53 29 77 56 0 
91 34 10 0 65 39 
2 45 32 84 3 0 
0 21 72 93 5 79 
46 66 51 0 18 76 
26 50 0 51 4 90 
0 41 80 14 37 26 
12 78 15 96 0 21 
75 52 0 66 29 87 
0 15 10 61 34 2 
9 25 41 80 70 0 
86 63 1 0 59 78 
36 0 17 82 53 48 
4 62 81 0 67 53 
98 50 78 5 74 0 
0 39 55 28 78 29 
65 0 83 48 72 84 
27 0 30 2 25 87 
70 68 0 3 59 81 
12 22 8 0 55 56 
19 73 84 0 9 1 
31 36 50 86 78 0 
90 0 72 13 52 12 
82 28 22 89 0 40 
94 93 39 0 95 18 
3 22 0 35 55 95 
48 83 0 2 85 7 
2 65 0 82 66 88 
42 90 0 36 16 6 
90 60 41 0 31 54 
0 13 88 78 60 8 
0 62 82 84 11 26 
90 87 23 71 6 0 
0 67 6 4 85 78 
49 31 61 58 75 0 
11 48 0 3 58 96 
37 0 72 41 15 88 
72 0 32 76 42 19 
0 77 87 78 29 75 
63 21 60 3 68 0 
49 53 0 79 57 23 
0 54 55 44 49 68 
54 17 0 4 59 3 
80 32 74 63 0 57 
59 5 29 37 0 68 
33 42 10 95 37 0 
11 59 7 5 0 81 
61 0 36 8 79 40 
0 14 72 83 31 22 
42 8 0 11 53 98 
75 68 14 45 0 13 
50 57 79 59 66 0 
0 37 94 22 78 88 
52 25 0 34 76 23 
64 12 0 86 24 92 
15 24 0 53 34 8 
0 35 59 19 55 42 
75 0 80 65 72 79 
41 32 2 47 0 20 
0 69 80 70 27 55 
0 33 97 5 25 1 
25 0 48 31 44 62 
60 80 0 61 14 31 
79 74 68 80 0 90 
21 25 0 4 36 33 
64 98 23 55 91 0 
73 0 60 98 14 35 
20 81 0 79 74 70 
9 54 0 40 48 2 
0 8 68 25 3 18 
0 2 96 83 64 3 
14 42 97 8 94 0 
97 82 0 51 15 22 
79 96 50 20 0 93 
57 19 0 18 96 83 
25 64 63 0 48 29 
3 89 61 0 10 88 
91 97 0 71 82 46 
44 0 28 12 66 55 
58 95 91 50 0 92 
63 0 35 66 73 45 
81 97 69 31 0 63 
0 74 98 55 41 40 
41 63 0 64 51 25 
45 66 47 0 64 6 
49 16 26 78 0 86 
0 36 27 80 20 61 
96 13 8 23 0 83 
48 44 90 0 73 39 
64 8 36 27 72 0 
82 0 46 13 55 27 
40 95 70 39 90 0 
54 0 52 41 93 34 
74 95 94 0 89 48 
0 37 85 97 98 66 
62 27 46 0 11 81 
70 10 58 65 91 0 
25 81 74 0 13 42 
0 64 25 15 83 48 
70 43 0 85 95 25 
0 79 93 1 73 81 
36 64 10 99 0 6 
29 12 19 0 58 79 
88 0 90 60 39 53 
49 44 40 2 0 77 
87 0 25 46 21 54 
98 72 68 39 0 8 
40 65 32 28 0 25 
5 91 2 0 20 4 
18 0 69 96 52 82 
0 31 37 42 87 91 
77 1 9 0 36 62 
83 51 16 10 43 0 
1 73 79 97 0 18 
13 52 0 66 68 33 
15 38 0 23 84 35 
96 5 0 81 24 41 
48 36 59 63 0 46 
74 0 6 45 8 66 
5 46 64 7 0 75 
98 37 49 0 55 71 
53 35 0 14 21 72 
21 94 0 73 3 14 
85 0 37 1 81 28 
13 9 77 27 84 0 
91 13 69 95 3 0 
77 66 85 63 0 81 
98 39 0 79 41 99 
47 14 55 34 23 0 
63 5 43 60 49 0 
19 0 63 51 56 37 
9 0 55 99 95 4 
80 19 8 0 26 65 
0 7 83 20 13 44 
7 0 69 76 98 2 
75 0 87 39 47 43 
8 41 5 0 83 67 
34 3 0 68 28 66 
0 60 88 32 65 72 
54 3 96 47 0 89 
29 14 0 75 18 36 
53 69 0 55 11 86 
52 23 0 90 31 8 
0 84 60 39 19 17 
2 0 98 22 18 15 
0 58 6 33 94 71 
39 0 57 31 75 66 
85 81 7 5 45 0 
17 2 28 0 13 64 
4 96 29 0 39 19 
95 0 59 78 48 66 
92 77 55 0 72 95 
98 0 89 58 25 77 
33 8 35 82 9 0 
30 86 85 81 53 0 
67 51 16 29 47 0 
86 0 54 38 87 79 
58 79 87 22 0 84 
98 0 48 26 5 64 
0 5 3 7 13 2 
96 93 86 71 10 0 
11 10 0 18 61 35 
68 86 90 53 34 0 
15 81 24 0 41 6 
51 98 40 69 71 0 
73 97 85 55 15 0 
52 63 98 38 0 95 
10 22 0 74 56 93 
45 10 47 44 0 61 
7 42 90 0 27 19 
38 0 42 6 20 62 
2 0 77 21 50 98 
67 85 0 1 61 59 
27 76 0 53 19 30 
58 2 60 98 29 0 
35 86 36 67 0 24 
0 83 99 38 8 68 
0 26 79 93 8 15 
0 54 74 77 17 15 
47 31 85 0 11 18 
0 85 78 34 74 8 
5 37 0 21 45 52 
24 0 90 31 88 28 
93 2 39 20 11 0 
37 0 73 70 57 61 
47 24 96 91 76 0 
95 85 48 0 1 76 
62 81 54 9 78 0 
7 0 32 38 5 78 
0 51 32 49 58 42 
6 41 63 65 1 0 
59 74 88 0 76 48 
75 0 10 17 9 8 
18 75 0 24 31 32 
29 0 74 91 66 19 
46 1 18 23 25 0 
30 87 80 81 12 0 
66 58 9 0 74 10 
27 87 80 93 0 16 
11 50 22 0 33 61 
54 62 73 0 68 51 
0 39 33 91 13 53 
47 32 5 88 95 0 
0 60 33 7 28 54 
69 83 92 6 59 0 
72 0 74 28 10 80 
57 46 68 27 0 31 
56 15 48 73 75 0 
19 69 70 0 1 55 
85 0 86 4 82 61 
24 9 47 0 72 90 
92 10 8 0 52 48 
84 8 68 32 0 1 
4 55 20 0 10 35 
32 0 1 52 20 97 
0 19 61 51 24 25 
46 0 75 18 98 37 
0 34 71 54 31 77 
3 62 22 65 0 49 
76 22 1 58 0 32 
47 67 13 0 35 41 
77 58 82 14 12 0 
81 63 18 0 79 4 
69 48 19 2 74 0 
0 17 89 40 1 49 
22 21 12 92 0 3 
72 0 8 60 51 7 
37 70 0 97 44 13 
0 83 97 73 56 40 
63 27 29 86 0 69 
0 48 47 4 13 41 
6 84 9 4 55 0 
84 54 57 0 88 94 
84 80 92 0 47 21 
9 79 61 21 0 22 
88 31 14 0 18 52 
71 79 88 48 0 44 
36 46 0 96 64 85 
94 1 0 61 25 30 
75 49 95 2 0 63 
31 0 34 13 12 11 
0 55 37 91 66 62 
54 39 66 56 0 67 
88 92 10 91 0 37 
21 24 63 0 19 27 
66 54 47 0 30 39 
12 47 0 30 4 49 
38 43 98 0 20 90 
50 68 40 0 74 14 
41 61 0 78 77 43 
26 12 81 43 0 48 
65 16 62 10 0 75 
9 0 16 2 52 62 
47 15 90 78 48 0 
70 35 6 2 60 0 
39 34 27 90 0 35 
0 77 19 91 40 66 
0 88 34 66 72 79 
79 41 82 0 37 39 
48 0 79 73 22 41 
5 17 0 13 85 24 
6 19 63 0 62 96 
48 9 6 0 56 25 
78 74 89 37 0 95 
0 36 40 59 51 55 
8 81 78 38 0 25 
84 26 83 95 75 0 
15 30 42 0 41 47 
78 43 0 67 30 17 
0 1 32 56 87 16 
94 7 68 52 0 92 
98 74 36 37 77 0 
17 91 63 14 0 99 
25 97 31 48 0 30 
15 0 7 10 73 81 
67 16 0 4 41 54 
82 0 70 56 11 72 
99 7 10 0 95 8 
99 0 24 38 34 48 
55 23 0 60 3 84 
49 24 46 18 22 0 
0 16 63 60 9 33 
20 62 0 15 13 82 
80 23 64 3 21 0 
0 29 39 63 78 66 
75 93 0 48 60 71 
7 0 79 21 36 87 
77 34 62 79 9 0 
4 25 0 5 29 20 
49 60 54 36 0 90 
0 27 15 55 53 44 
19 20 0 65 80 96 
17 21 0 70 28 36 
5 56 14 0 85 33 
46 16 10 0 28 6 
94 12 44 63 0 49 
6 0 28 60 51 20 
0 11 5 42 45 4 
95 76 0 2 16 61 
0 80 70 19 58 96 
12 0 2 42 10 29 
20 29 0 62 32 7 
0 51 5 85 15 20 
88 0 37 71 10 44 
0 43 56 74 27 47 
14 19 0 27 39 51 
32 0 80 70 11 61 
77 48 36 30 13 0 
29 75 14 49 16 0 
69 22 75 59 55 0 
36 42 28 77 0 45 
43 78 50 0 72 91 
21 29 0 3 41 27 
0 21 10 2 31 34 
58 42 31 92 87 0 
2 20 10 0 95 1 
35 92 0 18 89 30 
67 11 53 18 0 6 
49 0 37 32 68 10 
8 29 64 0 72 63 
36 0 27 61 78 86 
7 57 27 31 3 0 
0 57 97 36 70 17 
18 31 6 88 22 0 
15 95 43 24 0 91 
29 26 36 0 2 33 
75 98 0 61 33 25 
38 0 71 7 69 17 
91 0 77 23 2 65 
6 40 83 97 93 0 
92 22 32 0 12 42 
50 38 74 88 0 7 
0 92 82 72 84 34 
88 60 33 63 74 0 
49 39 92 18 78 0 
59 0 72 49 9 89 
79 7 35 44 66 0 
83 0 45 74 52 68 
4 90 67 0 11 74 
75 53 60 0 35 1 
0 98 99 19 13 6 
0 47 22 17 16 40 
0 47 4 90 19 34 
50 39 59 48 0 13 
0 28 35 31 64 29 
31 29 0 18 92 23 
34 0 18 42 95 91 
27 74 0 2 1 64 
83 0 42 44 93 66 
98 97 65 13 54 0 
85 13 56 71 11 0 
0 97 69 52 10 11 
4 0 87 45 28 82 
96 86 0 55 88 59 
1 96 54 86 26 0 
88 4 23 0 36 30 
47 40 28 10 50 0 
83 70 81 82 20 0 
4 6 78 0 92 81 
21 51 94 77 39 0 
58 81 15 0 51 50 
60 0 13 55 99 78 
58 63 57 64 48 0 
17 2 26 0 68 96 
0 26 64 16 36 90 
74 4 35 27 91 0 
62 33 83 11 0 70 
52 13 6 48 8 0 
1 0 10 50 12 68 
2 14 0 82 50 42 
25 98 80 14 54 0 
4 0 72 57 47 23 
51 62 13 15 97 0 
87 22 8 0 60 48 
87 21 46 25 28 0 
53 94 0 82 68 45 
0 50 84 17 12 66 
62 91 0 67 99 88 
48 37 38 66 46 0 
79 49 0 74 25 42 
64 90 4 0 66 71 
71 96 98 26 0 22 
38 34 0 67 12 23 
66 15 0 89 25 5 
0 14 7 45 86 96 
33 91 0 29 61 9 
0 81 18 86 96 49 
63 57 0 11 42 54 
44 0 8 34 38 95 
83 0 10 43 59 47 
38 5 0 67 63 98 
1 6 0 28 54 52 
34 63 21 44 12 0 
84 95 80 55 96 0 
10 35 0 4 84 53 
23 64 56 82 97 0 
77 21 57 25 0 24 
25 0 10 41 81 53 
62 0 8 74 29 10 
0 89 66 23 96 91 
95 28 0 94 89 11 
50 30 64 0 44 18 
15 0 5 39 79 77 
80 60 56 53 77 0 
10 23 9 85 83 0 
64 36 94 79 30 0 
9 50 99 25 0 53 
9 37 0 87 61 62 
0 8 33 54 30 43 
6 98 55 0 42 89 
27 54 15 29 0 35 
34 0 71 10 53 9 
40 0 70 66 54 83 
0 33 96 39 7 68 
23 4 0 49 66 52 
0 45 48 57 27 39 
37 38 0 82 55 60 
39 56 0 35 3 67 
93 0 56 9 98 67 
14 70 58 0 40 60 
80 61 0 38 20 41 
6 87 63 73 0 93 
45 0 94 14 82 1 
23 94 24 30 0 87 
29 0 96 15 51 22 
41 79 0 70 22 53 
70 46 53 11 0 24 
14 43 84 85 0 93 
89 28 0 15 43 81 
31 76 0 92 1 18 
0 76 13 94 66 28 
29 19 65 52 11 0 
0 43 10 17 89 70 
86 58 49 0 41 10 
49 73 68 0 81 30 
79 0 5 33 16 46 
0 6 8 54 75 66 
58 91 20 40 62 0 
27 92 24 0 4 35 
0 69 65 97 5 47 
0 81 67 25 63 79 
52 0 20 41 6 54 
54 52 84 0 49 25 
88 0 35 97 34 86 
43 80 26 0 85 60 
71 50 24 54 56 0 
83 18 47 42 0 33 
34 52 33 0 10 16 
52 0 69 1 65 12 
46 95 65 82 0 87 
0 94 28 77 24 66 
90 93 54 32 97 0 
59 89 18 66 0 70 
56 27 0 25 47 85 
75 64 96 87 0 46 
65 32 7 16 0 19 
28 50 62 0 94 96 
49 82 81 23 64 0 
92 40 7 95 48 0 
26 18 46 41 0 84 
13 58 18 0 55 74 
82 45 0 18 74 14 
80 28 20 0 65 24 
74 57 0 90 9 20 
0 98 70 83 5 82 
31 0 77 46 92 54 
0 3 26 41 55 16 
23 5 0 81 10 17 
78 53 48 59 0 46 
32 0 56 71 74 91 
0 29 72 57 25 54 
66 69 32 87 31 0 
45 97 98 65 0 78 
6 70 55 1 50 0 
74 29 0 12 3 75 
84 44 53 66 2 0 
20 99 28 21 71 0 
38 36 2 76 30 0 
57 84 52 0 48 11 
33 2 0 60 17 23 
75 68 34 0 79 49 
21 50 83 0 93 94 
97 79 91 0 60 45 
3 80 81 55 52 0 
7 13 61 33 0 65 
0 2 63 1 9 53 
6 0 59 57 13 44 
29 19 5 59 16 0 
0 5 95 35 98 14 
60 17 0 78 61 51 
80 33 27 73 37 0 
8 0 22 73 78 30 
34 0 85 70 86 64 
78 48 0 45 20 28 
69 0 15 39 3 63 
65 54 0 37 90 84 
10 92 56 7 0 76 
27 61 26 0 34 51 
67 32 42 35 0 41 
38 0 54 43 37 28 
78 0 36 5 90 32 
0 27 1 80 79 86 
22 32 55 0 17 26 
3 50 60 36 0 48 
22 76 0 43 96 88 
5 32 83 40 43 0 
76 31 55 59 37 0 
89 3 46 64 2 0 
71 0 31 15 82 65 
0 44 2 19 17 93 
59 78 71 17 74 0 
7 62 63 11 97 0 
58 0 53 64 71 99 
0 42 60 84 68 24 
32 47 95 3 94 0 
64 89 48 71 91 0 
56 79 0 51 89 52 
80 0 88 65 58 99 
3 96 0 46 87 16 
20 60 74 0 52 96 
24 93 99 90 38 0 
0 65 88 27 43 13 
56 67 53 63 0 3 
14 30 86 38 79 0 
15 38 9 92 0 59 
66 76 0 45 72 14 
11 82 68 0 76 10 
37 17 91 13 0 48 
0 81 91 21 86 15 
83 59 60 80 15 0 
9 0 51 28 15 44 
74 31 91 89 13 0 
89 93 49 97 0 66 
48 0 47 45 87 17 
13 0 23 88 86 19 
22 23 0 14 95 73 
0 83 35 15 29 44 
0 97 11 13 83 2 
31 21 0 50 68 43 
29 18 65 15 0 94 
72 57 63 0 96 13 
63 90 69 0 16 25 
64 0 36 59 87 41 
54 0 81 37 96 55 
42 51 92 0 10 2 
0 19 65 7 95 97 
11 51 0 73 54 84 
24 0 7 57 89 59 
80 13 60 0 68 31 
9 0 52 45 8 88 
3 57 13 79 0 64 
60 0 75 64 36 17 
25 0 45 99 51 98 
60 31 18 75 79 0 
65 84 0 64 11 80 
17 4 73 0 25 32 
13 28 2 4 73 0 
23 99 0 10 87 66 
82 11 56 0 16 74 
0 10 18 15 93 60 
33 0 32 85 18 20 
35 32 0 19 36 17 
27 22 48 0 96 35 
58 22 2 0 27 96 
32 57 0 70 48 52 
51 84 95 44 0 3 
64 54 0 78 48 16 
96 0 71 35 51 58 
0 67 64 99 9 73 
45 83 59 0 9 95 
0 43 75 90 51 77 
59 73 19 62 0 69 
58 31 26 0 95 22 
73 63 0 21 67 82 
27 56 88 38 0 46 
28 0 16 46 20 27 
38 0 44 80 13 72 
79 89 99 5 0 29 
7 0 77 23 34 97 
95 0 62 65 91 36 
73 50 0 89 86 70 
97 26 94 0 85 7 
17 57 0 94 7 24 
23 7 57 0 31 30 
38 36 69 65 0 85 
90 0 18 1 5 96 
34 84 40 30 65 0 
36 33 50 0 98 11 
0 10 68 62 3 91 
14 26 48 60 88 0 
0 30 18 29 20 65 
0 8 47 1 78 30 
1 14 51 0 60 40 
2 39 48 37 51 0 
83 45 86 57 0 54 
96 65 76 58 52 0 
0 86 59 21 87 53 
6 0 58 9 41 40 
84 90 35 10 6 0 
0 96 82 69 67 48 
77 27 85 0 31 49 
0 37 82 54 73 58 
66 0 49 3 41 5 
0 83 64 26 94 44 
65 9 16 41 44 0 
30 63 87 49 0 57 
29 18 8 0 93 14 
61 75 0 46 7 41 
71 50 0 15 38 72 
1 98 0 61 54 89 
96 64 94 0 40 55 
62 41 16 53 33 0 
0 11 29 5 99 51 
53 57 14 0 21 98 
74 16 0 14 48 41 
0 12 55 96 30 35 
14 19 43 34 0 11 
90 0 94 60 89 56 
30 74 29 98 16 0 
56 94 39 38 0 34 
51 45 47 0 39 44 
90 45 58 53 0 81 
73 27 69 23 0 66 
24 0 87 6 8 22 
3 81 96 58 0 23 
35 73 58 9 0 48 
49 0 92 81 42 67 
54 33 0 76 8 91 
56 59 9 0 98 15 
27 25 53 79 3 0 
35 0 52 87 78 43 
86 3 49 90 0 68 
80 0 17 13 75 33 
43 0 68 46 69 59 
72 93 0 37 30 32 
0 41 30 59 8 49 
0 48 51 5 84 14 
0 4 98 11 45 22 
0 73 30 2 64 54 
74 63 1 0 96 72 
0 62 23 43 85 2 
11 45 80 1 0 55 
8 44 0 31 52 62 
83 43 31 0 57 73 
70 14 20 87 0 92 
0 55 75 6 62 48 
80 72 66 79 0 26 
48 75 26 41 0 95 
87 57 85 0 91 97 
29 81 30 20 85 0 
45 51 0 9 74 1 
11 96 9 0 43 51 
25 55 42 0 45 29 
60 91 22 0 67 76 
15 20 60 27 1 0 
70 80 14 27 0 68 
0 82 37 89 68 70 
25 70 67 2 0 35 
29 22 26 48 65 0 
0 76 85 65 33 87 
30 0 57 20 63 80 
29 42 9 28 0 36 
88 43 5 1 40 0 
25 34 0 85 32 52 
21 0 87 64 32 7 
79 92 0 58 99 87 
25 48 61 1 0 75 
48 64 89 0 45 42 
18 46 75 63 0 98 
96 95 67 59 5 0 
66 87 0 78 42 58 
3 0 20 33 61 89 
45 0 23 31 34 3 
21 88 9 42 6 0 
0 93 15 50 60 37 
2 75 57 58 0 61 
64 90 50 9 0 36 
16 22 20 7 0 38 
80 74 32 8 27 0 
95 93 60 16 0 31 
54 0 68 61 7 41 
48 0 14 70 21 66 
90 48 4 96 0 37 
84 29 0 95 11 57 
84 30 0 97 32 42 
0 54 67 50 58 33 
67 0 28 30 3 61 
58 0 92 67 69 52 
82 67 0 63 58 42 
65 0 49 47 75 31 
76 1 0 43 9 58 
15 28 2 71 43 0 
31 60 2 0 16 83 
0 4 68 88 59 16 
33 92 95 0 73 82 
27 58 78 25 2 0 
58 0 72 52 93 77 
27 0 98 51 65 54 
4 89 44 0 24 96 
83 75 0 14 57 8 
86 63 94 62 0 97 
39 0 90 11 85 42 
71 89 48 0 3 45 
29 86 68 65 0 19 
0 20 52 94 46 11 
23 69 26 0 72 90 
50 0 99 43 82 70 
7 21 17 0 85 78 
37 74 0 70 14 95 
50 60 0 19 1 83 
72 0 29 37 70 66 
0 60 50 75 82 40 
43 0 47 58 44 76 
0 78 11 76 98 74 
28 3 45 21 12 0 
0 71 24 96 62 39 
82 53 0 59 57 96 
12 0 63 61 4 1 
0 88 6 74 81 12 
67 74 58 51 0 72 
96 0 48 9 86 94 
0 57 67 89 98 17 
0 80 93 41 35 48 
0 23 95 98 17 99 
0 30 48 47 26 11 
23 0 16 33 15 2 
91 50 44 14 21 0 
94 38 71 47 85 0 
81 65 0 39 57 9 
97 11 0 38 41 46 
0 49 4 19 34 3 
12 85 0 35 33 94 
24 0 66 67 7 2 
69 85 0 62 31 60 
12 59 65 76 31 0 
22 38 0 62 3 87 
0 16 79 39 75 14 
53 0 76 58 49 41 
0 54 78 25 10 27 
93 22 44 59 41 0 
78 77 34 89 36 0 
8 71 14 0 67 51 
59 55 0 74 23 87 
96 32 88 90 0 11 
52 49 72 0 3 13 
35 64 93 0 16 81 
12 78 67 0 66 81 
59 21 8 0 79 92 
0 96 64 31 65 29 
57 18 0 77 24 75 
69 64 0 83 41 73 
15 36 0 66 24 86 
43 23 46 0 68 63 
0 82 45 62 65 5 
4 0 36 25 2 22 
9 59 11 45 93 0 
0 21 56 22 20 54 
29 0 67 24 58 49 
50 97 77 67 0 6 
62 90 43 55 91 0 
90 76 0 23 47 40 
23 5 0 88 57 33 
65 64 29 0 49 50 
92 0 53 21 99 45 
57 27 24 0 72 98 
43 5 39 0 48 20 
47 0 66 55 26 42 
0 80 78 90 65 3 
11 89 41 0 79 93 
57 0 96 98 44 60 
89 0 96 52 13 6 
79 83 0 84 81 65 
40 47 0 30 28 87 
4 63 54 87 68 0 
78 30 37 0 57 98 
72 0 1 2 10 71 
88 56 0 66 74 95 
0 56 46 49 84 23 
27 4 0 40 14 2 
38 63 55 22 3 0 
44 37 73 11 49 0 
81 79 95 0 36 27 
92 5 57 3 0 47 
73 49 79 72 0 60 
74 0 33 44 8 28 
33 89 0 31 83 65 
68 55 92 83 0 13 
0 33 37 19 25 58 
33 46 80 0 25 83 
55 0 19 4 16 14 
35 21 58 52 54 0 
77 0 43 64 68 55 
80 0 45 67 48 77 
10 70 65 95 49 0 
45 42 52 38 0 85 
0 79 36 75 35 98 
83 0 50 35 79 76 
65 89 39 66 0 21 
0 26 31 58 23 88 
5 23 1 85 0 53 
40 82 28 60 0 72 
6 23 0 58 41 72 
13 0 33 52 3 12 
46 73 0 32 11 71 
22 0 20 90 72 8 
0 7 81 96 75 13 
20 57 35 0 40 54 
27 18 22 0 91 11 
0 1 41 74 15 93 
45 11 44 0 74 65 
37 0 9 82 91 19 
74 97 84 37 0 32 
38 43 18 41 0 74 
69 6 59 0 36 88 
68 50 0 13 90 89 
27 37 90 66 0 50 
68 53 35 0 44 14 
17 27 47 60 64 0 
32 0 28 1 10 68 
33 39 26 7 60 0 
44 82 50 0 13 90 
0 20 64 99 8 82 
51 57 31 0 25 97 
77 1 80 49 0 16 
64 58 89 85 0 48 
36 91 26 0 97 79 
26 43 60 64 0 27 
86 0 51 18 29 3 
61 87 0 13 39 90 
0 34 92 43 9 18 
0 58 88 30 3 67 
27 55 94 7 0 90 
0 26 7 71 55 29 
42 97 0 80 64 26 
45 8 26 0 90 29 
50 67 54 0 80 52 
8 57 7 91 71 0 
36 18 0 99 41 33 
12 66 60 0 61 57 
4 31 21 47 83 0 
0 58 17 29 95 63 
79 40 80 0 46 48 
38 0 39 47 5 87 
2 70 60 98 85 0 
0 21 75 94 28 25 
0 14 59 70 11 69 
0 99 54 70 10 80 
99 0 33 86 95 5 
24 88 0 71 34 4 
14 52 44 99 83 0 
66 30 51 1 98 0 
99 0 31 93 21 95 
21 88 99 0 45 70 
28 72 87 67 52 0 
63 34 0 35 59 32 
35 32 0 12 94 18 
5 17 0 23 1 50 
82 23 67 55 36 0 
54 80 31 0 36 60 
52 71 22 0 4 67 
42 1 43 0 5 78 
46 0 7 99 38 55 
88 83 22 0 67 18 
13 89 27 70 0 74 
53 91 0 39 66 4 
59 0 50 63 75 3 
12 96 53 62 93 0 
81 0 77 30 61 70 
0 33 58 92 44 42 
64 17 6 14 54 0 
35 22 66 73 99 0 
58 0 79 2 16 26 
65 0 54 83 28 5 
26 42 22 0 81 41 
89 8 7 6 0 20 
24 10 30 0 22 25 
78 92 30 69 0 1 
66 60 0 72 8 99 
66 39 0 44 85 97 
73 62 30 59 2 0 
90 88 2 0 85 86 
60 90 32 0 37 28 
94 73 10 36 0 57 
58 51 97 47 0 33 
85 64 4 77 0 87 
0 66 64 52 7 48 
98 80 83 97 30 0 
34 0 90 17 74 29 
90 91 33 84 35 0 
38 50 39 4 98 0 
42 82 28 0 90 24 
0 63 48 69 97 77 
36 28 47 0 14 18 
43 40 97 84 0 7 
31 0 35 94 92 91 
76 0 8 97 91 59 
11 0 55 21 29 52 
34 23 77 46 0 80 
0 78 75 45 93 57 
15 33 39 53 0 22 
83 12 66 0 35 78 
17 0 49 32 90 28 
0 39 47 33 41 23 
0 28 21 31 53 67 
0 61 78 98 45 53 
41 0 22 35 42 94 
51 61 95 0 84 58 
71 13 40 0 38 81 
47 0 66 49 82 10 
96 67 9 68 63 0 
97 0 58 50 60 72 
74 76 63 0 25 67 
81 23 20 45 74 0 
